77
106
161
20
158
233
16
66
178
149
6
260
264
239
147
49
85
180
138
34
163
160
76
252
250
175
212
111
181
215
78
89
243
105
191
221
150
44
98
45
50
140
159
100
226
237
247
228
231
25
128
72
59
31
32
259
19
173
255
93
5
189
109
256
190
122
55
42
232
123
218
156
193
96
167
134
133
244
230
80
136
38
183
202
242
165
234
198
39
222
60
12
112
47
37
119
30
141
246
261
200
155
254
199
207
220
118
21
182
95
64
70
249
3
113
262
172
48
251
99
83
62
74
11
63
8
115
179
169
185
240
235
22
33
7
135
196
195
229
120
223
75
90
36
41
132
2
108
23
142
107
82
54
73
110
69
35
46
154
137
146
24
29
101
130
144
241
13
238
258
177
257
114
129
194
186
201
148
53
216
213
27
248
88
56
84
139
145
127
52
125
170
117
51
151
94
211
245
164
92
65
15
68
224
265
17
153
9
116
157
210
87
166
263
162
192
58
14
40
204
79
1
43
205
219
206
217
174
131
18
121
188
91
168
152
26
209
203
86
225
227
214
253
184
124
4
143
176
102
208
28
126
171
71
67
10
81
97
236
61
57
197
187