65
185
242
218
183
223
174
29
137
43
152
75
236
189
94
66
37
40
254
57
122
264
133
2
233
145
97
205
225
115
207
39
63
35
221
99
7
157
67
33
204
249
77
201
62
197
119
193
142
21
232
45
247
150
215
32
153
56
253
11
27
186
138
220
149
228
167
244
85
18
80
69
170
246
98
147
83
71
73
1
265
49
24
217
3
190
15
255
136
34
262
135
130
74
17
178
151
146
92
169
19
23
100
55
259
20
257
22
182
202
171
78
44
28
155
188
140
162
42
216
222
156
5
111
25
113
118
238
120
230
141
36
121
172
211
12
227
31
104
95
46
143
173
96
102
8
176
125
256
88
243
258
159
192
90
181
260
64
206
105
132
144
114
116
187
48
196
47
195
129
127
38
89
93
106
213
239
177
51
53
252
117
180
30
6
209
128
250
240
72
200
191
16
87
231
14
131
59
26
124
109
261
4
41
154
160
13
210
9
214
10
107
245
194
81
234
226
179
175
86
199
68
219
208
70
212
79
248
203
139
235
229
82
123
101
112
52
76
241
251
263
164
165
60
134
58
184
148
224
166
198
61
168
54
126
108
163
237
158
50
84
161
91